112
169
200
258
286
330
437
443
468
476
477
496
671
674
692
790
824
977
989
1126
1206
1225
1245
1261
1310
1351
1402
1469
1506
1534
1559
1596
1610
1627
1759
1783
1803
1850
1870
1910
1918
2010
2065
2143
2205
2309
2369
2383
2459
2469
2505
2523
2575
2576
2650
2682
2704
2745
2777
2778
2781
2826
2855
2872
2942
2967
2988
3106
3114
3117
3121
3146
3214
3220
3312
3314
3323
3346
3351
3381
3423
3434
3564
3586
3602
3655
3745
3780
3803
3820
3821
3858
3921
4069
4105
4327
4350
4422
4620
4661
4664
4763
4768
4912
4923
4956
4974
5004
5025
5032
5067
5073
5150
5183
5184
5212
5242
5296
5354
5520
5561
5634
5664
5802
5980
5996
6079
6203
6269
6278
6427
6454
6463
6483
6488
6525
6547
6591
6692
6721
6865
6915
6933
6985
6996
7042
7275
7325
7326
7366
7376
7417
7446
7454
7473
7585
7716
7793
7842
7844
7855
7913
8166
8201
8241
8266
8338
8437
8475
8479
8504
8507
8553
8652
8667
8713
8793
8880
9065
9067
9075
9086
9105
9119
9144
9184
9280
9316
9553
9644
9701
9843
9906
9922
9989
10013
10021
10025
10112
10177
10179
10201
10268
10332
10641
10754
10799
10810
11042
11068
11135
11212
11334
11419
11422
11426
11519
11557
11658
11680
11756
11868
11887
11894
11929
12114
12124
12194
12195
12313
12450
12556
12590
12632
12664
12694
12701
12727
12738
12779
12814
12860
12894
12899
12919
12924
12932
12936
12937
12954
12980
12992
12997
13008
13109
13157
13215
13272
13282
13311
13333
13631
13641
13665
13678
13702
13809
13817
13928
13934
13958
13968
13977
13979
14008
14023
14065
14115
14129
14150
14175
14243
14297
14304
14312
14329
14344
14417
14427
14431
14457
14462
14531
14677
14703
14805
14986
15106
15118
15119
15143
15151
15160
15248
15298
15336
15411
15432
15450
15467
15485
15496
15605
15632
15735
15769
15780
15802
15807
15820
15829
15849
15860
15907
15970
16038
16100
16132
16165
16170
16256
16278
16299
16305
16311
16404
16426
16522
16527
16560
16619
16629
16637
16649
16669
16684
16725
16734
16756
16777
16867
16919
17059
17106
